src_bytes,dst_bytes
817,817
80,80
112,112
331,331
80,80
331,331
846,846
80,80
331,331
331,331
331,331
84,84
810,810
80,80
331,331
80,80
331,331
331,331
834,834
84,84
128,128
331,331
331,331
80,80
331,331
826,826
80,80
331,331
790,790
331,331
80,80
331,331
331,331
84,84
331,331
807,807
80,80
331,331
331,331
331,331
80,80
790,790
56,56
80,80
331,331
331,331
771,771
112,112
84,84
331,331
54,54
331,331
331,331
80,80
80,80
331,331
757,757
80,80
331,331
331,331
80,80
331,331
768,768
80,80
331,331
80,80
331,331
331,331
128,128
80,80
331,331
777,777
80,80
331,331
331,331
331,331
80,80
331,331
793,793
84,84
331,331
331,331
80,80
55,55
331,331
761,761
66,66
80,80
331,331
80,80
331,331
795,795
80,80
331,331
80,80
112,112
331,331
80,80
331,331
779,779
80,80
331,331
331,331
331,331
84,84
331,331
789,789
80,80
331,331
80,80
331,331
331,331
80,80
331,331
128,128
813,813
80,80
331,331
80,80
331,331
80,80
331,331
792,792
80,80
331,331
112,112
80,80
331,331
331,331
80,80
331,331
853,853
80,80
331,331
331,331
331,331
84,84
793,793
80,80
331,331
80,80
331,331
331,331
128,128
809,809
80,80
80,80
331,331
331,331
80,80
331,331
790,790
80,80
331,331
80,80
331,331
331,331
810,810
80,80
112,112
331,331
80,80
331,331
331,331
331,331
84,84
331,331
807,807
331,331
1183,1183
1183,1183
1183,1183
1183,1183
88,88
768,768
80,80
55,55
785,785
66,66
80,80
803,803
128,128
80,80
751,751
80,80
763,763
80,80
112,112
449,449
80,80
331,331
331,331
80,80
777,777
80,80
331,331
331,331
759,759
84,84
331,331
331,331
331,331
84,84
801,801
80,80
331,331
331,331
80,80
331,331
331,331
745,745
80,80
112,112
80,80
331,331
80,80
331,331
331,331
814,814
84,84
331,331
331,331
80,80
331,331
753,753
80,80
331,331
128,128
331,331
331,331
80,80
793,793
80,80
331,331
80,80
331,331
331,331
80,80
331,331
778,778
80,80
331,331
80,80
331,331
331,331
80,80
820,820
80,80
331,331
331,331
807,807
80,80
80,80
331,331
80,80
331,331
331,331
80,80
810,810
80,80
331,331
331,331
80,80
331,331
80,80
331,331
331,331
767,767
84,84
128,128
331,331
331,331
80,80
331,331
813,813
80,80
331,331
112,112
331,331
331,331
84,84
331,331
781,781
82,82
80,80
331,331
331,331
80,80
331,331
825,825
80,80
331,331
80,80
331,331
331,331
80,80
331,331
750,750
80,80
331,331
80,80
331,331
331,331
1466,1466
80,80
791,791
56,56
54,54
331,331
80,80
331,331
331,331
763,763
84,84
54,54
56,56
1466,1466
56,56
56,56
56,56
56,56
331,331
54,54
331,331
80,80
331,331
756,756
80,80
54,54
56,56
331,331
331,331
331,331
84,84
722,722
80,80
331,331
331,331
80,80
331,331
775,775
80,80
331,331
331,331
750,750
80,80
112,112
80,80
331,331
331,331
80,80
331,331
128,128
781,781
80,80
331,331
80,80
331,331
331,331
739,739
84,84
331,331
331,331
80,80
331,331
785,785
80,80
331,331
331,331
331,331
331,331
747,747
80,80
84,84
331,331
331,331
80,80
331,331
772,772
80,80
331,331
331,331
331,331
80,80
331,331
770,770
84,84
56,56
331,331
331,331
331,331
80,80
800,800
80,80
331,331
80,80
331,331
331,331
80,80
331,331
55,55
56,56
802,802
80,80
331,331
331,331
331,331
84,84
331,331
789,789
331,331
1183,1183
1183,1183
112,112
84,84
128,128
765,765
80,80
791,791
80,80
769,769
80,80
331,331
80,80
804,804
80,80
331,331
80,80
331,331
729,729
80,80
331,331
80,80
331,331
331,331
794,794
84,84
331,331
331,331
80,80
331,331
766,766
84,84
112,112
331,331
331,331
758,758
84,84
331,331
331,331
80,80
331,331
437,437
80,80
331,331
56,56
54,54
54,54
331,331
56,56
80,80
331,331
331,331
80,80
331,331
737,737
80,80
331,331
331,331
331,331
331,331
746,746
84,84
331,331
331,331
128,128
331,331
80,80
772,772
80,80
331,331
80,80
331,331
768,768
112,112
80,80
331,331
80,80
331,331
331,331
80,80
753,753
80,80
331,331
331,331
80,80
331,331
331,331
771,771
84,84
331,331
80,80
331,331
331,331
768,768
84,84
331,331
331,331
80,80
331,331
331,331
761,761
84,84
331,331
128,128
331,331
80,80
331,331
791,791
80,80
331,331
331,331
331,331
112,112
787,787
84,84
331,331
80,80
331,331
331,331
80,80
827,827
80,80
331,331
331,331
80,80
331,331
772,772
80,80
128,128
331,331
331,331
80,80
331,331
784,784
80,80
331,331
80,80
331,331
331,331
80,80
779,779
80,80
331,331
331,331
80,80
331,331
792,792
80,80
331,331
331,331
80,80
331,331
795,795
80,80
331,331
331,331
738,738
84,84
331,331
331,331
331,331
331,331
781,781
80,80
331,331
84,84
331,331
331,331
80,80
777,777
80,80
331,331
331,331
128,128
331,331
84,84
331,331
331,331
740,740
84,84
112,112
331,331
331,331
80,80
331,331
331,331
84,84
331,331
743,743
80,80
56,56
331,331
80,80
331,331
747,747
80,80
54,54
331,331
331,331
331,331
80,80
331,331
768,768
84,84
54,54
331,331
331,331
80,80
331,331
764,764
80,80
331,331
80,80
331,331
753,753
80,80
331,331
80,80
331,331
331,331
80,80
771,771
80,80
112,112
331,331
331,331
80,80
331,331
766,766
80,80
66,66
66,66
66,66
54,54
66,66
56,56
54,54
56,56
60,60
60,60
60,60
54,54
60,60
54,54
66,66
60,60
54,54
60,60
54,54
66,66
54,54
56,56
1466,1466
54,54
1466,1466
54,54
56,56
331,331
331,331
80,80
331,331
331,331
755,755
331,331
84,84
331,331
789,789
80,80
80,80
128,128
331,331
331,331
80,80
331,331
331,331
786,786
84,84
112,112
331,331
80,80
331,331
331,331
80,80
331,331
818,818
80,80
331,331
80,80
331,331
769,769
80,80
331,331
331,331
331,331
80,80
785,785
80,80
331,331
80,80
331,331
331,331
80,80
331,331
779,779
80,80
331,331
112,112
54,54
331,331
331,331
84,84
790,790
80,80
331,331
80,80
331,331
331,331
331,331
80,80
786,786
80,80
331,331
80,80
331,331
331,331
80,80
331,331
737,737
80,80
331,331
80,80
331,331
331,331
80,80
128,128
786,786
80,80
331,331
331,331
80,80
331,331
80,80
331,331
781,781
80,80
331,331
80,80
331,331
331,331
331,331
439,439
84,84
331,331
331,331
80,80
331,331
331,331
84,84
752,752
80,80
331,331
80,80
331,331
331,331
723,723
84,84
331,331
331,331
331,331
84,84
768,768
80,80
331,331
80,80
331,331
331,331
753,753
84,84
112,112
331,331
331,331
80,80
331,331
331,331
80,80
782,782
80,80
331,331
331,331
80,80
331,331
128,128
741,741
80,80
331,331
331,331
80,80
331,331
789,789
80,80
331,331
331,331
331,331
750,750
80,80
80,80
331,331
80,80
331,331
331,331
770,770
84,84
331,331
331,331
80,80
331,331
331,331
773,773
84,84
331,331
331,331
80,80
331,331
803,803
80,80
112,112
331,331
331,331
331,331
798,798
84,84
80,80
331,331
80,80
331,331
331,331
784,784
84,84
128,128
331,331
331,331
80,80
764,764
80,80
331,331
80,80
331,331
796,796
80,80
331,331
331,331
331,331
770,770
112,112
84,84
331,331
331,331
809,809
84,84
331,331
331,331
80,80
331,331
331,331
80,80
718,718
80,80
331,331
331,331
331,331
802,802
84,84
128,128
331,331
331,331
80,80
331,331
760,760
80,80
87,87
331,331
331,331
331,331
84,84
753,753
80,80
331,331
80,80
331,331
331,331
721,721
84,84
331,331
331,331
80,80
331,331
331,331
766,766
112,112
84,84
331,331
331,331
80,80
331,331
331,331
331,331
754,754
331,331
84,84
1183,1183
1183,1183
1183,1183
1183,1183
1183,1183
1183,1183
88,88
790,790
80,80
746,746
80,80
112,112
787,787
80,80
755,755
80,80
128,128
773,773
80,80
331,331
783,783
80,80
331,331
331,331
331,331
84,84
331,331
802,802
80,80
331,331
331,331
80,80
331,331
801,801
331,331
80,80
331,331
331,331
84,84
785,785
80,80
331,331
80,80
331,331
331,331
770,770
80,80
80,80
331,331
331,331
80,80
331,331
331,331
797,797
84,84
112,112
128,128
55,55
331,331
80,80
331,331
66,66
331,331
772,772
84,84
331,331
80,80
331,331
331,331
804,804
80,80
80,80
331,331
80,80
331,331
331,331
719,719
84,84
331,331
331,331
80,80
800,800
80,80
331,331
331,331
80,80
331,331
331,331
438,438
80,80
331,331
331,331
331,331
331,331
80,80
775,775
84,84
128,128
331,331
331,331
331,331
80,80
741,741
112,112
80,80
331,331
80,80
331,331
743,743
80,80
331,331
80,80
331,331
331,331
80,80
331,331
752,752
84,84
331,331
331,331
331,331
80,80
772,772
80,80
331,331
80,80
331,331
331,331
80,80
331,331
765,765
80,80
331,331
331,331
331,331
84,84
769,769
80,80
331,331
80,80
331,331
331,331
769,769
84,84
331,331
331,331
80,80
331,331
761,761
112,112
80,80
331,331
80,80
331,331
331,331
758,758
84,84
331,331
331,331
80,80
790,790
128,128
80,80
331,331
331,331
80,80
331,331
331,331
788,788
80,80
80,80
331,331
80,80
331,331
814,814
80,80
331,331
331,331
331,331
56,56
84,84
768,768
80,80
331,331
80,80
331,331
331,331
54,54
331,331
80,80
331,331
785,785
84,84
331,331
331,331
80,80
331,331
784,784
56,56
80,80
331,331
331,331
112,112
331,331
84,84
331,331
789,789
80,80
331,331
331,331
80,80
331,331
331,331
787,787
84,84
331,331
331,331
736,736
80,80
80,80
56,56
54,54
331,331
80,80
331,331
331,331
331,331
783,783
331,331
84,84
128,128
331,331
774,774
80,80
331,331
80,80
331,331
331,331
80,80
331,331
736,736
80,80
331,331
331,331
331,331
84,84
331,331
741,741
80,80
331,331
331,331
331,331
80,80
331,331
331,331
80,80
747,747
80,80
331,331
80,80
331,331
331,331
772,772
84,84
112,112
331,331
331,331
80,80
765,765
80,80
331,331
331,331
80,80
331,331
765,765
80,80
331,331
331,331
128,128
769,769
80,80
80,80
331,331
80,80
331,331
331,331
331,331
84,84
331,331
763,763
80,80
331,331
331,331
66,66
331,331
84,84
331,331
331,331
80,80
331,331
759,759
66,66
54,54
331,331
80,80
331,331
331,331
84,84
791,791
80,80
331,331
80,80
331,331
787,787
80,80
331,331
56,56
80,80
331,331
331,331
80,80
1514,1514
1514,1514
546,546
66,66
66,66
331,331
812,812
80,80
331,331
80,80
331,331
80,80
331,331
331,331
769,769
84,84
112,112
331,331
331,331
1514,1514
54,54
1494,1494
1494,1494
80,80
331,331
783,783
80,80
128,128
56,56
56,56
331,331
331,331
331,331
80,80
784,784
54,54
80,80
331,331
80,80
331,331
331,331
331,331
84,84
789,789
80,80
54,54
331,331
56,56
80,80
331,331
331,331
787,787
331,331
80,80
331,331
84,84
331,331
736,736
80,80
331,331
80,80
331,331
331,331
432,432
80,80
80,80
331,331
331,331
128,128
80,80
331,331
805,805
80,80
331,331
80,80
331,331
757,757
112,112
80,80
331,331
331,331
80,80
331,331
763,763
80,80
331,331
80,80
331,331
331,331
729,729
84,84
331,331
331,331
80,80
331,331
331,331
763,763
84,84
331,331
331,331
80,80
331,331
755,755
80,80
331,331
331,331
331,331
128,128
780,780
55,55
66,66
84,84
331,331
80,80
331,331
331,331
80,80
331,331
745,745
112,112
80,80
331,331
80,80
331,331
331,331
782,782
84,84
331,331
80,80
331,331
331,331
746,746
84,84
331,331
80,80
331,331
80,80
331,331
773,773
54,54
80,80
331,331
80,80
331,331
331,331
775,775
80,80
80,80
331,331
331,331
80,80
331,331
128,128
331,331
801,801
84,84
56,56
331,331
80,80
331,331
331,331
793,793
84,84
331,331
331,331
80,80
331,331
781,781
80,80
331,331
80,80
331,331
80,80
331,331
331,331
767,767
331,331
1183,1183
1183,1183
84,84
797,797
80,80
112,112
780,780
80,80
128,128
331,331
80,80
802,802
80,80
331,331
331,331
80,80
80,80
331,331
716,716
