duration,protocol_type,src_bytes,dst_bytes
0,UDP,817,817
0.716822,UDP,80,80
0.998287,UDP,112,112
1.029204,UDP,331,331
1.074301,UDP,80,80
1.433845,UDP,331,331
1.536187,UDP,846,846
2.25324,UDP,80,80
383,HTTP,51337,80
86,TCP,51338,80
86,TCP,51339,80
74,TCP,80,51334
74,TCP,80,51335
74,TCP,80,51336
363,TCP,80,51334
74,TCP,80,51337
86,TCP,80,51338
86,TCP,80,51339
74,TCP,51338,80
74,TCP,51339,80
74,HTTP,80,51334
74,TCP,51334,80
363,TCP,80,51335
74,HTTP,80,51335
74,TCP,51335,80
363,TCP,80,51336
74,HTTP,80,51336
74,TCP,51336,80
363,TCP,80,51337
74,HTTP,80,51337
74,TCP,51337,80
384,HTTP,51338,80
384,HTTP,51339,80
74,TCP,51334,80
74,TCP,51335,80
74,TCP,51336,80
74,TCP,51337,80
86,TCP,51340,80
86,TCP,51341,80
222,UDP,52976,27017
74,TCP,80,51338
74,TCP,80,51339
74,TCP,80,51334
363,TCP,80,51338
74,TCP,80,51335
74,TCP,80,51336
74,TCP,80,51337
86,TCP,80,51340
74,TCP,51340,80
86,TCP,80,51341
74,TCP,51341,80
74,HTTP,80,51338
74,TCP,51338,80
363,TCP,80,51339
74,HTTP,80,51339
74,TCP,51339,80
383,HTTP,51340,80
383,HTTP,51341,80
74,TCP,51338,80
74,TCP,51339,80
74,TCP,80,51340
74,TCP,80,51341
74,TCP,80,51338
363,TCP,80,51340
74,TCP,80,51339
74,HTTP,80,51340
74,TCP,51340,80
363,TCP,80,51341
74,HTTP,80,51341
74,TCP,51341,80
74,TCP,51340,80
74,TCP,51341,80
74,TCP,80,51340
74,TCP,80,51341
238,UDP,52976,27017
238,UDP,52976,27017
206,UDP,27017,52976
86,TCP,51342,80
86,TCP,51343,80
86,TCP,80,51342
74,TCP,51342,80
86,TCP,80,51343
74,TCP,51343,80
378,HTTP,51342,80
378,HTTP,51343,80
74,TCP,80,51342
74,TCP,80,51343
363,TCP,80,51342
74,HTTP,80,51342
74,TCP,51342,80
363,TCP,80,51343
74,HTTP,80,51343
74,TCP,51343,80
302,UDP,27017,52976
86,TCP,51344,80
86,TCP,51345,80
86,TCP,51346,80
86,TCP,51347,80
86,TCP,80,51344
74,TCP,51344,80
86,TCP,80,51345
74,TCP,51345,80
86,TCP,80,51346
86,TCP,80,51347
74,TCP,51346,80
74,TCP,51347,80
393,HTTP,51344,80
393,HTTP,51345,80
372,HTTP,51346,80
372,HTTP,51347,80
74,TCP,80,51344
74,TCP,80,51345
74,TCP,80,51346
363,TCP,80,51344
74,TCP,80,51347
74,HTTP,80,51344
74,TCP,51344,80
363,TCP,80,51345
74,HTTP,80,51345
74,TCP,51345,80
363,TCP,80,51346
74,TCP,51342,80
74,TCP,51343,80
74,TCP,51344,80
74,TCP,51345,80
74,TCP,80,51342
74,TCP,80,51343
74,HTTP,80,51346
74,TCP,51346,80
74,TCP,80,51344
74,TCP,80,51345
363,TCP,80,51347
74,HTTP,80,51347
74,TCP,51347,80
74,TCP,51346,80
74,TCP,51347,80
74,TCP,80,51346
74,TCP,80,51347
238,UDP,52976,27017
42,ARP,,
638,UDP,27017,52976
86,TCP,51348,80
86,TCP,51349,80
86,TCP,51350,80
86,TCP,51351,80
86,TCP,51352,80
86,TCP,51353,80
86,TCP,80,51348
74,TCP,51348,80
86,TCP,80,51349
86,TCP,80,51350
74,TCP,51349,80
74,TCP,51350,80
86,TCP,80,51351
74,TCP,51351,80
86,TCP,80,51352
86,TCP,80,51353
74,TCP,51352,80
74,TCP,51353,80
54,TCP,443,64528
384,HTTP,51348,80
384,HTTP,51349,80
384,HTTP,51350,80
384,HTTP,51351,80
384,HTTP,51352,80
384,HTTP,51353,80
74,TCP,80,51348
74,TCP,80,51349
74,TCP,80,51350
363,TCP,80,51348
74,TCP,80,51351
74,TCP,80,51352
74,TCP,80,51353
74,HTTP,80,51348
74,TCP,51348,80
363,TCP,80,51349
74,HTTP,80,51349
74,TCP,51349,80
363,TCP,80,51350
74,HTTP,80,51350
74,TCP,51350,80
363,TCP,80,51351
74,HTTP,80,51351
74,TCP,51351,80
363,TCP,80,51352
74,HTTP,80,51352
74,TCP,51352,80
363,TCP,80,51353
74,HTTP,80,51353
74,TCP,51353,80
74,TCP,51348,80
74,TCP,51349,80
74,TCP,51350,80
74,TCP,51351,80
74,TCP,51352,80
74,TCP,51353,80
74,TCP,80,51348
74,TCP,80,51349
74,TCP,80,51350
74,TCP,80,51351
74,TCP,80,51352
74,TCP,80,51353
86,TCP,51354,80
86,TCP,51355,80
86,TCP,51356,80
86,TCP,51357,80
86,TCP,51358,80
86,TCP,51359,80
86,TCP,80,51354
86,TCP,80,51355
86,TCP,80,51356
86,TCP,80,51357
86,TCP,80,51358
74,TCP,51354,80
74,TCP,51355,80
74,TCP,51356,80
74,TCP,51357,80
74,TCP,51358,80
86,TCP,80,51359
74,TCP,51359,80
78,UDP,52976,27017
384,HTTP,51354,80
384,HTTP,51355,80
383,HTTP,51356,80
383,HTTP,51357,80
383,HTTP,51358,80
383,HTTP,51359,80
74,TCP,80,51354
74,TCP,80,51355
74,TCP,80,51356
363,TCP,80,51354
74,TCP,80,51357
74,TCP,80,51358
74,TCP,80,51359
74,HTTP,80,51354
74,TCP,51354,80
363,TCP,80,51355
74,HTTP,80,51355
74,TCP,51355,80
363,TCP,80,51356
74,HTTP,80,51356
74,TCP,51356,80
363,TCP,80,51357
74,HTTP,80,51357
74,TCP,51357,80
363,TCP,80,51358
74,HTTP,80,51358
74,TCP,51358,80
363,TCP,80,51359
74,HTTP,80,51359
74,TCP,51359,80
74,TCP,51354,80
74,TCP,51355,80
74,TCP,51356,80
74,TCP,51357,80
74,TCP,51358,80
74,TCP,51359,80
74,TCP,80,51354
74,TCP,80,51355
74,TCP,80,51356
74,TCP,80,51357
74,TCP,80,51358
74,TCP,80,51359
86,TCP,51360,80
86,TCP,51361,80
86,TCP,51362,80
86,TCP,51363,80
86,TCP,51364,80
86,TCP,51365,80
86,TCP,80,51360
86,TCP,80,51361
74,TCP,51360,80
74,TCP,51361,80
86,TCP,80,51362
86,TCP,80,51363
86,TCP,80,51364
86,TCP,80,51365
74,TCP,51362,80
74,TCP,51363,80
74,TCP,51364,80
74,TCP,51365,80
383,HTTP,51360,80
383,HTTP,51361,80
383,HTTP,51362,80
383,HTTP,51363,80
383,HTTP,51364,80
383,HTTP,51365,80
74,TCP,80,51360
74,TCP,80,51361
74,TCP,80,51362
363,TCP,80,51360
74,TCP,80,51363
74,TCP,80,51364
74,TCP,80,51365
74,HTTP,80,51360
74,TCP,51360,80
363,TCP,80,51361
74,HTTP,80,51361
74,TCP,51361,80
363,TCP,80,51362
74,HTTP,80,51362
74,TCP,51362,80
363,TCP,80,51363
74,HTTP,80,51363
74,TCP,51363,80
363,TCP,80,51364
74,HTTP,80,51364
74,TCP,51364,80
363,TCP,80,51365
74,HTTP,80,51365
74,TCP,51365,80
74,TCP,51360,80
74,TCP,51361,80
74,TCP,51362,80
74,TCP,51363,80
74,TCP,51364,80
74,TCP,51365,80
86,TCP,51366,80
86,TCP,51367,80
86,TCP,51368,80
86,TCP,51369,80
86,TCP,51370,80
86,TCP,51371,80
74,TCP,80,51360
74,TCP,80,51361
74,TCP,80,51362
74,TCP,80,51363
74,TCP,80,51364
74,TCP,80,51365
86,TCP,80,51366
86,TCP,80,51367
86,TCP,80,51368
86,TCP,80,51369
86,TCP,80,51370
86,TCP,80,51371
74,TCP,51366,80
74,TCP,51367,80
74,TCP,51368,80
74,TCP,51369,80
74,TCP,51370,80
74,TCP,51371,80
383,HTTP,51366,80
383,HTTP,51367,80
384,HTTP,51368,80
384,HTTP,51369,80
384,HTTP,51370,80
384,HTTP,51371,80
74,TCP,80,51366
74,TCP,80,51367
363,TCP,80,51366
74,TCP,80,51368
74,TCP,80,51369
74,TCP,80,51370
74,TCP,80,51371
74,HTTP,80,51366
74,TCP,51366,80
363,TCP,80,51367
74,HTTP,80,51367
74,TCP,51367,80
363,TCP,80,51368
74,HTTP,80,51368
74,TCP,51368,80
363,TCP,80,51369
74,HTTP,80,51369
74,TCP,51369,80
363,TCP,80,51370
74,HTTP,80,51370
74,TCP,51370,80
363,TCP,80,51371
74,HTTP,80,51371
74,TCP,51371,80
74,TCP,51366,80
74,TCP,51367,80
74,TCP,51368,80
74,TCP,51369,80
74,TCP,51370,80
74,TCP,51371,80
74,TCP,80,51366
74,TCP,80,51367
74,TCP,80,51368
74,TCP,80,51369
74,TCP,80,51370
74,TCP,80,51371
42,ARP,,
86,TCP,51372,80
86,TCP,51373,80
86,TCP,51374,80
86,TCP,51375,80
86,TCP,51376,80
86,TCP,51377,80
86,TCP,80,51372
74,TCP,51372,80
86,TCP,80,51373
74,TCP,51373,80
86,TCP,80,51374
86,TCP,80,51375
86,TCP,80,51376
86,TCP,80,51377
74,TCP,51374,80
74,TCP,51375,80
74,TCP,51376,80
74,TCP,51377,80
383,HTTP,51372,80
383,HTTP,51373,80
383,HTTP,51374,80
383,HTTP,51375,80
384,HTTP,51376,80
384,HTTP,51377,80
74,TCP,80,51372
74,TCP,80,51373
74,TCP,80,51374
363,TCP,80,51372
74,TCP,80,51375
74,TCP,80,51376
74,TCP,80,51377
74,HTTP,80,51372
74,TCP,51372,80
363,TCP,80,51373
22,0x7a7a,,
74,HTTP,80,51373
363,TCP,80,51374
74,HTTP,80,51374
363,TCP,80,51375
74,TCP,51373,80
74,TCP,51374,80
74,HTTP,80,51375
74,TCP,51375,80
363,TCP,80,51376
74,HTTP,80,51376
74,TCP,51376,80
363,TCP,80,51377
74,HTTP,80,51377
74,TCP,51377,80
74,TCP,51372,80
74,TCP,51373,80
74,TCP,51374,80
74,TCP,51375,80
74,TCP,51376,80
74,TCP,51377,80
74,TCP,80,51372
74,TCP,80,51373
74,TCP,80,51374
74,TCP,80,51375
74,TCP,80,51376
74,TCP,80,51377
86,TCP,51378,80
86,TCP,51379,80
238,UDP,52976,27017
222,UDP,52976,27017
86,TCP,80,51378
74,TCP,51378,80
86,TCP,80,51379
74,TCP,51379,80
383,HTTP,51378,80
383,HTTP,51379,80
74,TCP,80,51378
74,TCP,80,51379
363,TCP,80,51378
74,HTTP,80,51378
74,TCP,51378,80
363,TCP,80,51379
74,HTTP,80,51379
74,TCP,51379,80
74,TCP,51378,80
74,TCP,51379,80
74,TCP,80,51378
74,TCP,80,51379
302,UDP,27017,52976
238,UDP,52976,27017
86,TCP,51380,80
86,TCP,51381,80
86,TCP,51382,80
86,TCP,51383,80
86,TCP,80,51380
74,TCP,51380,80
86,TCP,80,51381
74,TCP,51381,80
86,TCP,80,51382
86,TCP,80,51383
74,TCP,51382,80
74,TCP,51383,80
393,HTTP,51380,80
393,HTTP,51381,80
378,HTTP,51382,80
378,HTTP,51383,80
74,TCP,80,51380
74,TCP,80,51381
74,TCP,80,51382
74,TCP,80,51383
363,TCP,80,51380
74,HTTP,80,51380
74,TCP,51380,80
363,TCP,80,51381
74,HTTP,80,51381
74,TCP,51381,80
363,TCP,80,51382
74,HTTP,80,51382
74,TCP,51382,80
363,TCP,80,51383
74,HTTP,80,51383
74,TCP,51383,80
74,TCP,51380,80
74,TCP,51381,80
74,TCP,51382,80
74,TCP,51383,80
74,TCP,80,51380
74,TCP,80,51381
74,TCP,80,51382
74,TCP,80,51383
206,UDP,27017,52976
86,TCP,51384,80
86,TCP,51385,80
86,TCP,80,51384
74,TCP,51384,80
86,TCP,80,51385
74,TCP,51385,80
372,HTTP,51384,80
372,HTTP,51385,80
74,TCP,80,51384
74,TCP,80,51385
363,TCP,80,51384
74,HTTP,80,51384
74,TCP,51384,80
363,TCP,80,51385
74,HTTP,80,51385
74,TCP,51385,80
74,TCP,51384,80
74,TCP,51385,80
74,TCP,80,51384
74,TCP,80,51385
238,UDP,52976,27017
42,ARP,,
638,UDP,27017,52976
86,TCP,51386,80
86,TCP,51387,80
86,TCP,51388,80
86,TCP,51389,80
86,TCP,51390,80
86,TCP,51391,80
86,TCP,80,51386
74,TCP,51386,80
86,TCP,80,51387
74,TCP,51387,80
86,TCP,80,51388
86,TCP,80,51389
74,TCP,51388,80
74,TCP,51389,80
86,TCP,80,51390
86,TCP,80,51391
74,TCP,51390,80
74,TCP,51391,80
384,HTTP,51386,80
384,HTTP,51387,80
384,HTTP,51388,80
384,HTTP,51389,80
384,HTTP,51390,80
384,HTTP,51391,80
74,TCP,80,51386
74,TCP,80,51387
74,TCP,80,51388
363,TCP,80,51386
74,TCP,80,51389
74,TCP,80,51390
74,TCP,80,51391
74,HTTP,80,51386
74,TCP,51386,80
363,TCP,80,51387
74,HTTP,80,51387
74,TCP,51387,80
363,TCP,80,51388
74,HTTP,80,51388
363,TCP,80,51389
74,HTTP,80,51389
363,TCP,80,51390
74,TCP,51388,80
74,TCP,51389,80
74,HTTP,80,51390
74,TCP,51390,80
363,TCP,80,51391
74,HTTP,80,51391
74,TCP,51391,80
74,TCP,51386,80
74,TCP,51387,80
86,TCP,51392,80
86,TCP,51393,80
74,TCP,80,51386
74,TCP,80,51387
86,TCP,80,51392
86,TCP,80,51393
74,TCP,51392,80
74,TCP,51393,80
384,HTTP,51392,80
384,HTTP,51393,80
74,TCP,80,51392
74,TCP,80,51393
363,TCP,80,51392
74,HTTP,80,51392
74,TCP,51392,80
363,TCP,80,51393
74,HTTP,80,51393
74,TCP,51393,80
78,UDP,52976,27017
74,TCP,51388,80
74,TCP,51389,80
74,TCP,51390,80
74,TCP,51391,80
74,TCP,51392,80
74,TCP,51393,80
74,TCP,80,51388
74,TCP,80,51389
74,TCP,80,51390
74,TCP,80,51391
74,TCP,80,51392
74,TCP,80,51393
86,TCP,51394,80
86,TCP,51395,80
86,TCP,51396,80
86,TCP,51397,80
86,TCP,51398,80
86,TCP,51399,80
86,TCP,80,51394
86,TCP,80,51395
86,TCP,80,51396
86,TCP,80,51397
86,TCP,80,51398
74,TCP,51394,80
74,TCP,51395,80
74,TCP,51396,80
74,TCP,51397,80
74,TCP,51398,80
86,TCP,80,51399
74,TCP,51399,80
383,HTTP,51394,80
383,HTTP,51395,80
383,HTTP,51396,80
383,HTTP,51397,80
383,HTTP,51398,80
383,HTTP,51399,80
74,TCP,80,51394
74,TCP,80,51395
74,TCP,80,51396
363,TCP,80,51394
74,TCP,80,51397
74,TCP,80,51398
74,TCP,80,51399
74,HTTP,80,51394
74,TCP,51394,80
363,TCP,80,51395
74,HTTP,80,51395
74,TCP,51395,80
363,TCP,80,51396
74,HTTP,80,51396
74,TCP,51396,80
363,TCP,80,51397
74,HTTP,80,51397
74,TCP,51397,80
363,TCP,80,51398
74,HTTP,80,51398
74,TCP,51398,80
363,TCP,80,51399
74,HTTP,80,51399
74,TCP,51399,80
74,TCP,51394,80
74,TCP,51395,80
74,TCP,51396,80
74,TCP,51397,80
74,TCP,51398,80
74,TCP,51399,80
86,TCP,51400,80
86,TCP,51401,80
86,TCP,51402,80
86,TCP,51403,80
86,TCP,51404,80
86,TCP,51405,80
74,TCP,80,51394
74,TCP,80,51395
74,TCP,80,51396
74,TCP,80,51397
74,TCP,80,51398
74,TCP,80,51399
86,TCP,80,51400
74,TCP,51400,80
86,TCP,80,51401
74,TCP,51401,80
86,TCP,80,51402
86,TCP,80,51403
86,TCP,80,51404
74,TCP,51402,80
74,TCP,51403,80
74,TCP,51404,80
86,TCP,80,51405
74,TCP,51405,80
43,0x7380,,
383,HTTP,51400,80
383,HTTP,51401,80
383,HTTP,51402,80
383,HTTP,51403,80
383,HTTP,51404,80
383,HTTP,51405,80
74,TCP,80,51400
74,TCP,80,51401
363,TCP,80,51400
74,TCP,80,51402
74,TCP,80,51403
74,TCP,80,51404
74,TCP,80,51405
74,HTTP,80,51400
74,TCP,51400,80
363,TCP,80,51401
74,HTTP,80,51401
74,TCP,51401,80
363,TCP,80,51402
74,HTTP,80,51402
74,TCP,51402,80
363,TCP,80,51403
74,HTTP,80,51403
74,TCP,51403,80
363,TCP,80,51404
74,HTTP,80,51404
74,TCP,51404,80
363,TCP,80,51405
74,HTTP,80,51405
74,TCP,51405,80
74,TCP,51400,80
74,TCP,51401,80
74,TCP,51402,80
74,TCP,51403,80
74,TCP,51404,80
86,TCP,51406,80
86,TCP,51407,80
86,TCP,51408,80
86,TCP,51409,80
86,TCP,51410,80
86,TCP,51411,80
74,TCP,80,51400
74,TCP,80,51401
74,TCP,80,51402
74,TCP,80,51403
74,TCP,80,51404
86,TCP,80,51406
86,TCP,80,51407
86,TCP,80,51408
86,TCP,80,51409
86,TCP,80,51410
86,TCP,80,51411
74,TCP,51406,80
74,TCP,51407,80
74,TCP,51408,80
74,TCP,51409,80
74,TCP,51410,80
74,TCP,51411,80
384,HTTP,51406,80
384,HTTP,51407,80
384,HTTP,51408,80
384,HTTP,51409,80
383,HTTP,51410,80
383,HTTP,51411,80
74,TCP,80,51406
74,TCP,80,51407
74,TCP,80,51408
363,TCP,80,51406
74,TCP,80,51409
74,TCP,80,51410
74,TCP,80,51411
74,HTTP,80,51406
74,TCP,51406,80
363,TCP,80,51407
74,HTTP,80,51407
74,TCP,51407,80
363,TCP,80,51408
74,HTTP,80,51408
74,TCP,51408,80
363,TCP,80,51409
74,HTTP,80,51409
74,TCP,51409,80
363,TCP,80,51410
74,HTTP,80,51410
74,TCP,51410,80
363,TCP,80,51411
74,HTTP,80,51411
74,TCP,51411,80
74,TCP,51405,80
74,TCP,51406,80
74,TCP,51407,80
74,TCP,51408,80
74,TCP,51409,80
74,TCP,51410,80
74,TCP,51411,80
74,TCP,80,51405
74,TCP,80,51406
74,TCP,80,51407
74,TCP,80,51408
74,TCP,80,51409
74,TCP,80,51410
74,TCP,80,51411
42,ARP,,
86,TCP,51412,80
86,TCP,51413,80
86,TCP,51414,80
86,TCP,51415,80
86,TCP,51416,80
86,TCP,51417,80
86,TCP,80,51412
74,TCP,51412,80
86,TCP,80,51413
74,TCP,51413,80
86,TCP,80,51414
86,TCP,80,51415
74,TCP,51414,80
74,TCP,51415,80
86,TCP,80,51416
74,TCP,51416,80
86,TCP,80,51417
74,TCP,51417,80
383,HTTP,51412,80
383,HTTP,51413,80
384,HTTP,51414,80
384,HTTP,51415,80
383,HTTP,51416,80
383,HTTP,51417,80
74,TCP,80,51412
74,TCP,80,51413
74,TCP,80,51414
363,TCP,80,51412
74,TCP,80,51415
74,TCP,80,51416
74,TCP,80,51417
74,HTTP,80,51412
74,TCP,51412,80
363,TCP,80,51413
74,HTTP,80,51413
74,TCP,51413,80
363,TCP,80,51414
74,HTTP,80,51414
363,TCP,80,51415
74,TCP,51414,80
74,HTTP,80,51415
74,TCP,51415,80
363,TCP,80,51416
74,HTTP,80,51416
74,TCP,51416,80
363,TCP,80,51417
74,HTTP,80,51417
74,TCP,51417,80
74,TCP,51412,80
74,TCP,51413,80
74,TCP,51414,80
74,TCP,51415,80
74,TCP,51416,80
238,UDP,52976,27017
238,UDP,52976,27017
74,TCP,51417,80
74,TCP,80,51412
74,TCP,80,51413
74,TCP,80,51414
74,TCP,80,51415
74,TCP,80,51416
74,TCP,80,51417
222,UDP,52976,27017
46,IGMPv2,,
302,UDP,27017,52976
206,UDP,27017,52976
86,TCP,51418,80
86,TCP,51419,80
86,TCP,51420,80
86,TCP,51421,80
86,TCP,51422,80
86,TCP,51423,80
86,TCP,80,51418
74,TCP,51418,80
86,TCP,80,51419
86,TCP,80,51420
74,TCP,51419,80
74,TCP,51420,80
86,TCP,80,51421
74,TCP,51421,80
86,TCP,80,51422
86,TCP,80,51423
74,TCP,51422,80
74,TCP,51423,80
372,HTTP,51418,80
372,HTTP,51419,80
393,HTTP,51420,80
393,HTTP,51421,80
378,HTTP,51422,80
378,HTTP,51423,80
74,TCP,80,51418
74,TCP,80,51419
74,TCP,80,51420
74,TCP,80,51421
363,TCP,80,51418
74,TCP,80,51422
74,TCP,80,51423
74,HTTP,80,51418
74,TCP,51418,80
363,TCP,80,51419
74,HTTP,80,51419
74,TCP,51419,80
363,TCP,80,51420
74,HTTP,80,51420
363,TCP,80,51421
74,TCP,51420,80
74,HTTP,80,51421
74,TCP,51421,80
363,TCP,80,51422
74,HTTP,80,51422
74,TCP,51422,80
363,TCP,80,51423
74,HTTP,80,51423
74,TCP,51423,80
74,TCP,51418,80
74,TCP,51419,80
74,TCP,51420,80
74,TCP,51421,80
74,TCP,51422,80
74,TCP,51423,80
74,TCP,80,51418
74,TCP,80,51419
74,TCP,80,51420
74,TCP,80,51421
74,TCP,80,51422
74,TCP,80,51423
238,UDP,52976,27017
46,IGMPv2,,
46,IGMPv2,,
46,IGMPv2,,
622,UDP,27017,52976
86,TCP,51424,80
86,TCP,51425,80
86,TCP,51426,80
86,TCP,51427,80
86,TCP,51428,80
86,TCP,51429,80
86,TCP,80,51424
74,TCP,51424,80
86,TCP,80,51425
74,TCP,51425,80
86,TCP,80,51426
86,TCP,80,51427
86,TCP,80,51428
86,TCP,80,51429
74,TCP,51426,80
74,TCP,51427,80
74,TCP,51428,80
74,TCP,51429,80
384,HTTP,51424,80
384,HTTP,51425,80
384,HTTP,51426,80
384,HTTP,51427,80
384,HTTP,51428,80
384,HTTP,51429,80
74,TCP,80,51424
74,TCP,80,51425
74,TCP,80,51426
363,TCP,80,51424
74,TCP,80,51427
74,TCP,80,51428
74,TCP,80,51429
74,HTTP,80,51424
74,TCP,51424,80
363,TCP,80,51425
74,HTTP,80,51425
363,TCP,80,51426
74,TCP,51425,80
74,HTTP,80,51426
74,TCP,51426,80
363,TCP,80,51427
74,HTTP,80,51427
74,TCP,51427,80
42,ARP,,
363,TCP,80,51428
74,TCP,51424,80
74,TCP,51425,80
74,HTTP,80,51428
74,TCP,51428,80
363,TCP,80,51429
74,TCP,51426,80
74,TCP,51427,80
74,TCP,51428,80
74,TCP,51429,80
74,TCP,80,51424
74,TCP,80,51425
74,TCP,80,51426
74,TCP,80,51427
74,TCP,80,51428
74,HTTP,80,51429
74,TCP,51429,80
86,TCP,51430,80
86,TCP,51431,80
86,TCP,51432,80
86,TCP,51433,80
86,TCP,51434,80
86,TCP,51435,80
86,TCP,80,51430
86,TCP,80,51431
86,TCP,80,51432
86,TCP,80,51433
86,TCP,80,51434
86,TCP,80,51435
74,TCP,51430,80
74,TCP,51431,80
74,TCP,51432,80
74,TCP,51433,80
74,TCP,51434,80
74,TCP,51435,80
384,HTTP,51430,80
384,HTTP,51431,80
383,HTTP,51432,80
383,HTTP,51433,80
383,HTTP,51434,80
383,HTTP,51435,80
74,TCP,80,51430
74,TCP,80,51431
363,TCP,80,51430
74,TCP,80,51432
74,TCP,80,51433
74,TCP,80,51434
74,TCP,80,51435
74,HTTP,80,51430
74,TCP,51430,80
363,TCP,80,51431
74,HTTP,80,51431
74,TCP,51431,80
363,TCP,80,51432
74,HTTP,80,51432
74,TCP,51432,80
363,TCP,80,51433
74,HTTP,80,51433
74,TCP,51433,80
363,TCP,80,51434
74,HTTP,80,51434
363,TCP,80,51435
74,HTTP,80,51435
74,TCP,51434,80
74,TCP,51435,80
78,UDP,52976,27017
74,TCP,51430,80
74,TCP,51431,80
74,TCP,51432,80
74,TCP,51433,80
74,TCP,51434,80
74,TCP,51435,80
74,TCP,80,51430
74,TCP,80,51431
74,TCP,80,51432
74,TCP,80,51433
74,TCP,80,51434
74,TCP,80,51435
86,TCP,51436,80
86,TCP,51437,80
86,TCP,51438,80
86,TCP,51439,80
86,TCP,51440,80
86,TCP,51441,80
86,TCP,80,51436
74,TCP,51436,80
86,TCP,80,51437
74,TCP,51437,80
86,TCP,80,51438
86,TCP,80,51439
86,TCP,80,51440
86,TCP,80,51441
74,TCP,51438,80
74,TCP,51439,80
74,TCP,51440,80
74,TCP,51441,80
383,HTTP,51436,80
383,HTTP,51437,80
383,HTTP,51438,80
383,HTTP,51439,80
383,HTTP,51440,80
383,HTTP,51441,80
74,TCP,80,51436
74,TCP,80,51437
74,TCP,80,51438
363,TCP,80,51436
74,TCP,80,51439
74,TCP,80,51440
74,TCP,80,51441
74,HTTP,80,51436
74,TCP,51436,80
363,TCP,80,51437
74,HTTP,80,51437
74,TCP,51437,80
363,TCP,80,51438
74,HTTP,80,51438
74,TCP,51438,80
363,TCP,80,51439
74,HTTP,80,51439
74,TCP,51439,80
363,TCP,80,51440
74,HTTP,80,51440
74,TCP,51440,80
363,TCP,80,51441
74,TCP,51436,80
74,TCP,51437,80
74,TCP,51438,80
74,TCP,51439,80
74,TCP,51440,80
74,HTTP,80,51441
74,TCP,51441,80
74,TCP,80,51436
74,TCP,80,51437
74,TCP,80,51438
74,TCP,80,51439
74,TCP,80,51440
74,TCP,51441,80
86,TCP,51442,80
86,TCP,51443,80
86,TCP,51444,80
86,TCP,51445,80
86,TCP,51446,80
86,TCP,51447,80
74,TCP,80,51441
86,TCP,80,51442
74,TCP,51442,80
86,TCP,80,51443
74,TCP,51443,80
86,TCP,80,51444
86,TCP,80,51445
86,TCP,80,51446
86,TCP,80,51447
74,TCP,51444,80
74,TCP,51445,80
74,TCP,51446,80
74,TCP,51447,80
383,HTTP,51442,80
383,HTTP,51443,80
384,HTTP,51444,80
384,HTTP,51445,80
384,HTTP,51446,80
384,HTTP,51447,80
42,ARP,,
74,TCP,80,51442
74,TCP,80,51443
74,TCP,80,51444
363,TCP,80,51442
74,TCP,80,51445
74,TCP,80,51446
74,TCP,80,51447
74,HTTP,80,51442
74,TCP,51442,80
363,TCP,80,51443
74,HTTP,80,51443
74,TCP,51443,80
363,TCP,80,51444
74,HTTP,80,51444
74,TCP,51444,80
363,TCP,80,51445
74,HTTP,80,51445
74,TCP,51445,80
363,TCP,80,51446
74,HTTP,80,51446
74,TCP,51446,80
74,TCP,51442,80
74,TCP,51443,80
74,TCP,51444,80
74,TCP,51445,80
74,TCP,51446,80
86,TCP,51448,80
86,TCP,51449,80
86,TCP,51450,80
86,TCP,51451,80
74,TCP,51447,80
74,TCP,80,51442
74,TCP,80,51443
74,TCP,80,51444
74,TCP,80,51445
74,TCP,80,51446
86,TCP,80,51448
86,TCP,80,51449
74,TCP,51448,80
74,TCP,51449,80
86,TCP,80,51450
86,TCP,80,51451
74,TCP,51450,80
74,TCP,51451,80
74,TCP,80,51447
383,HTTP,51448,80
383,HTTP,51449,80
383,HTTP,51450,80
383,HTTP,51451,80
86,TCP,51452,80
86,TCP,51453,80
74,TCP,80,51448
74,TCP,80,51449
363,TCP,80,51447
74,TCP,80,51450
74,TCP,80,51451
74,TCP,51447,80
74,HTTP,80,51447
363,TCP,80,51448
74,HTTP,80,51448
363,TCP,80,51449
74,HTTP,80,51449
363,TCP,80,51450
86,TCP,80,51452
86,TCP,80,51453
74,TCP,51448,80
74,TCP,51449,80
74,TCP,51452,80
74,TCP,51453,80
74,HTTP,80,51450
363,TCP,80,51451
74,HTTP,80,51451
74,TCP,51450,80
74,TCP,51451,80
384,HTTP,51452,80
384,HTTP,51453,80
74,TCP,51448,80
74,TCP,51449,80
74,TCP,51450,80
74,TCP,51451,80
86,TCP,51454,80
86,TCP,51455,80
222,UDP,52976,27017
74,TCP,80,51452
74,TCP,80,51453
74,TCP,80,51448
363,TCP,80,51452
74,TCP,80,51449
74,TCP,80,51450
74,TCP,80,51451
86,TCP,80,51454
74,TCP,51454,80
86,TCP,80,51455
74,TCP,51455,80
74,HTTP,80,51452
74,TCP,51452,80
363,TCP,80,51453
74,HTTP,80,51453
74,TCP,51453,80
383,HTTP,51454,80
383,HTTP,51455,80
74,TCP,51452,80
74,TCP,51453,80
74,TCP,80,51454
74,TCP,80,51455
74,TCP,80,51452
74,TCP,80,51453
363,TCP,80,51454
74,HTTP,80,51454
74,TCP,51454,80
363,TCP,80,51455
74,HTTP,80,51455
74,TCP,51455,80
74,TCP,51454,80
74,TCP,51455,80
238,UDP,52976,27017
238,UDP,52976,27017
74,TCP,80,51454
74,TCP,80,51455
43,0x7380,,
206,UDP,27017,52976
302,UDP,27017,52976
86,TCP,51456,80
86,TCP,51457,80
86,TCP,51458,80
86,TCP,51459,80
86,TCP,51460,80
86,TCP,51461,80
86,TCP,80,51456
86,TCP,80,51457
86,TCP,80,51458
86,TCP,80,51459
86,TCP,80,51460
74,TCP,51456,80
74,TCP,51457,80
74,TCP,51458,80
74,TCP,51459,80
74,TCP,51460,80
86,TCP,80,51461
74,TCP,51461,80
378,HTTP,51456,80
378,HTTP,51457,80
393,HTTP,51458,80
393,HTTP,51459,80
372,HTTP,51460,80
372,HTTP,51461,80
42,ARP,,
74,TCP,80,51456
74,TCP,80,51457
74,TCP,80,51458
363,TCP,80,51456
74,TCP,80,51459
74,TCP,80,51460
74,TCP,80,51461
74,HTTP,80,51456
74,TCP,51456,80
363,TCP,80,51457
74,HTTP,80,51457
74,TCP,51457,80
363,TCP,80,51458
74,HTTP,80,51458
363,TCP,80,51459
74,TCP,51458,80
74,TCP,51456,80
74,TCP,51457,80
74,TCP,51458,80
74,HTTP,80,51459
74,TCP,51459,80
363,TCP,80,51460
74,TCP,80,51456
74,TCP,80,51457
74,TCP,80,51458
74,HTTP,80,51460
74,TCP,51460,80
363,TCP,80,51461
74,HTTP,80,51461
74,TCP,51461,80
74,TCP,51459,80
74,TCP,51460,80
74,TCP,51461,80
74,TCP,80,51459
74,TCP,80,51460
74,TCP,80,51461
78,UDP,52976,27017
238,UDP,52976,27017
638,UDP,27017,52976
86,TCP,51462,80
86,TCP,51463,80
86,TCP,51464,80
86,TCP,51465,80
86,TCP,51466,80
86,TCP,51467,80
86,TCP,80,51462
74,TCP,51462,80
86,TCP,80,51463
74,TCP,51463,80
86,TCP,80,51464
86,TCP,80,51465
86,TCP,80,51466
86,TCP,80,51467
74,TCP,51464,80
74,TCP,51465,80
74,TCP,51466,80
74,TCP,51467,80
384,HTTP,51462,80
384,HTTP,51463,80
384,HTTP,51464,80
384,HTTP,51465,80
384,HTTP,51466,80
384,HTTP,51467,80
74,TCP,80,51462
74,TCP,80,51463
74,TCP,80,51464
74,TCP,80,51465
74,TCP,80,51466
74,TCP,80,51467
363,TCP,80,51462
74,HTTP,80,51462
74,TCP,51462,80
363,TCP,80,51463
74,HTTP,80,51463
74,TCP,51463,80
363,TCP,80,51464
74,HTTP,80,51464
74,TCP,51464,80
363,TCP,80,51465
74,HTTP,80,51465
74,TCP,51465,80
363,TCP,80,51466
74,HTTP,80,51466
74,TCP,51466,80
363,TCP,80,51467
74,HTTP,80,51467
74,TCP,51467,80
74,TCP,51462,80
74,TCP,51463,80
74,TCP,51464,80
74,TCP,51465,80
74,TCP,51466,80
74,TCP,51467,80
74,TCP,80,51462
74,TCP,80,51463
74,TCP,80,51464
74,TCP,80,51465
74,TCP,80,51466
74,TCP,80,51467
86,TCP,51468,80
86,TCP,51469,80
86,TCP,51470,80
86,TCP,51471,80
86,TCP,51472,80
86,TCP,51473,80
86,TCP,80,51468
86,TCP,80,51469
86,TCP,80,51470
86,TCP,80,51471
86,TCP,80,51472
86,TCP,80,51473
74,TCP,51468,80
74,TCP,51469,80
74,TCP,51470,80
74,TCP,51471,80
74,TCP,51472,80
74,TCP,51473,80
78,UDP,52976,27017
384,HTTP,51468,80
384,HTTP,51469,80
383,HTTP,51470,80
383,HTTP,51471,80
383,HTTP,51472,80
383,HTTP,51473,80
74,TCP,80,51468
74,TCP,80,51469
74,TCP,80,51470
74,TCP,80,51471
74,TCP,80,51472
74,TCP,80,51473
363,TCP,80,51468
74,HTTP,80,51468
74,TCP,51468,80
363,TCP,80,51469
74,HTTP,80,51469
363,TCP,80,51470
74,TCP,51469,80
74,HTTP,80,51470
74,TCP,51470,80
363,TCP,80,51471
74,HTTP,80,51471
74,TCP,51471,80
363,TCP,80,51473
74,HTTP,80,51473
74,TCP,51473,80
363,TCP,80,51472
74,HTTP,80,51472
74,TCP,51472,80
74,TCP,51468,80
74,TCP,51469,80
74,TCP,51470,80
74,TCP,51471,80
74,TCP,51473,80
74,TCP,51472,80
74,TCP,80,51468
74,TCP,80,51469
74,TCP,80,51470
74,TCP,80,51471
74,TCP,80,51473
74,TCP,80,51472
86,TCP,51474,80
86,TCP,51475,80
86,TCP,51476,80
86,TCP,51477,80
86,TCP,51478,80
86,TCP,51479,80
86,TCP,80,51474
86,TCP,80,51475
86,TCP,80,51476
86,TCP,80,51477
74,TCP,51474,80
74,TCP,51475,80
74,TCP,51476,80
74,TCP,51477,80
86,TCP,80,51478
86,TCP,80,51479
74,TCP,51478,80
74,TCP,51479,80
383,HTTP,51474,80
383,HTTP,51475,80
383,HTTP,51476,80
383,HTTP,51477,80
383,HTTP,51478,80
383,HTTP,51479,80
74,TCP,80,51474
74,TCP,80,51475
74,TCP,80,51476
74,TCP,80,51477
363,TCP,80,51474
74,TCP,80,51478
74,TCP,80,51479
74,HTTP,80,51474
74,TCP,51474,80
363,TCP,80,51475
74,HTTP,80,51475
363,TCP,80,51478
74,TCP,51475,80
74,HTTP,80,51478
74,TCP,51478,80
363,TCP,80,51476
74,HTTP,80,51476
74,TCP,51476,80
363,TCP,80,51477
74,HTTP,80,51477
74,TCP,51477,80
363,TCP,80,51479
74,HTTP,80,51479
74,TCP,51479,80
74,TCP,51474,80
74,TCP,51475,80
74,TCP,51478,80
74,TCP,51476,80
74,TCP,51477,80
74,TCP,51479,80
86,TCP,51480,80
86,TCP,51481,80
86,TCP,51482,80
86,TCP,51483,80
86,TCP,51484,80
86,TCP,51485,80
74,TCP,80,51474
74,TCP,80,51475
74,TCP,80,51478
74,TCP,80,51476
74,TCP,80,51477
74,TCP,80,51479
86,TCP,80,51480
74,TCP,51480,80
86,TCP,80,51481
86,TCP,80,51482
86,TCP,80,51483
86,TCP,80,51484
74,TCP,51481,80
74,TCP,51482,80
74,TCP,51483,80
74,TCP,51484,80
86,TCP,80,51485
74,TCP,51485,80
42,ARP,,
383,HTTP,51480,80
383,HTTP,51481,80
384,HTTP,51482,80
384,HTTP,51483,80
384,HTTP,51484,80
384,HTTP,51485,80
74,TCP,80,51480
74,TCP,80,51481
363,TCP,80,51480
74,TCP,80,51482
74,TCP,80,51483
74,TCP,80,51484
74,TCP,80,51485
74,HTTP,80,51480
74,TCP,51480,80
363,TCP,80,51481
74,HTTP,80,51481
74,TCP,51481,80
363,TCP,80,51482
74,HTTP,80,51482
74,TCP,51482,80
363,TCP,80,51483
74,HTTP,80,51483
74,TCP,51483,80
363,TCP,80,51484
74,HTTP,80,51484
74,TCP,51484,80
363,TCP,80,51485
74,HTTP,80,51485
74,TCP,51485,80
74,TCP,51480,80
74,TCP,51481,80
74,TCP,51482,80
74,TCP,51483,80
74,TCP,51484,80
74,TCP,51485,80
86,TCP,51486,80
86,TCP,51487,80
86,TCP,51488,80
86,TCP,51489,80
86,TCP,51490,80
86,TCP,51491,80
74,TCP,80,51480
74,TCP,80,51481
74,TCP,80,51482
74,TCP,80,51483
74,TCP,80,51484
74,TCP,80,51485
86,TCP,80,51486
86,TCP,80,51487
86,TCP,80,51488
86,TCP,80,51489
74,TCP,51486,80
74,TCP,51487,80
74,TCP,51488,80
74,TCP,51489,80
86,TCP,80,51490
74,TCP,51490,80
86,TCP,80,51491
74,TCP,51491,80
383,HTTP,51486,80
383,HTTP,51487,80
383,HTTP,51488,80
383,HTTP,51489,80
384,HTTP,51490,80
384,HTTP,51491,80
74,TCP,80,51486
74,TCP,80,51487
74,TCP,80,51488
363,TCP,80,51486
74,TCP,80,51489
74,TCP,80,51490
74,TCP,80,51491
74,HTTP,80,51486
74,TCP,51486,80
363,TCP,80,51487
74,HTTP,80,51487
74,TCP,51487,80
363,TCP,80,51488
74,HTTP,80,51488
74,TCP,51488,80
363,TCP,80,51489
74,HTTP,80,51489
74,TCP,51489,80
363,TCP,80,51490
74,HTTP,80,51490
74,TCP,51490,80
363,TCP,80,51491
74,HTTP,80,51491
74,TCP,51491,80
74,TCP,51486,80
74,TCP,51487,80
74,TCP,51488,80
74,TCP,51489,80
74,TCP,51490,80
74,TCP,51491,80
74,TCP,80,51486
74,TCP,80,51487
74,TCP,80,51488
74,TCP,80,51489
74,TCP,80,51490
74,TCP,80,51491
86,TCP,51492,80
86,TCP,51493,80
238,UDP,52976,27017
238,UDP,52976,27017
86,TCP,80,51492
86,TCP,80,51493
74,TCP,51492,80
74,TCP,51493,80
383,HTTP,51492,80
383,HTTP,51493,80
74,TCP,80,51492
74,TCP,80,51493
363,TCP,80,51492
74,HTTP,80,51492
74,TCP,51492,80
363,TCP,80,51493
74,HTTP,80,51493
74,TCP,51493,80
74,TCP,51492,80
