land,protocol_type,src_bytes,dst_bytes
52928,UDP,817,817
62539,UDP,80,80
62539,UDP,112,112
52928,UDP,331,331
62539,UDP,80,80
52928,UDP,331,331
52928,UDP,846,846
62539,UDP,80,80
52928,UDP,331,331
52928,UDP,331,331
52928,UDP,331,331
62539,UDP,84,84
52928,UDP,810,810
62539,UDP,80,80
52928,UDP,331,331
62539,UDP,80,80
52928,UDP,331,331
52928,UDP,331,331
52928,UDP,834,834
62539,UDP,84,84
52928,UDP,128,128
52928,UDP,331,331
52928,UDP,331,331
62539,UDP,80,80
52928,UDP,331,331
52928,UDP,826,826
62539,UDP,80,80
52928,UDP,331,331
52928,UDP,790,790
52928,UDP,331,331
62539,UDP,80,80
52928,UDP,331,331
52928,UDP,331,331
62539,UDP,84,84
52928,UDP,331,331
52928,UDP,807,807
62539,UDP,80,80
52928,UDP,331,331
52928,UDP,331,331
52928,UDP,331,331
62539,UDP,80,80
52928,UDP,790,790
65143,TCP,56,56
62539,UDP,80,80
52928,UDP,331,331
52928,UDP,331,331
52928,UDP,771,771
62539,UDP,112,112
62539,UDP,84,84
52928,UDP,331,331
443,TCP,54,54
52928,UDP,331,331
52928,UDP,331,331
62539,UDP,80,80
62539,UDP,80,80
52928,UDP,331,331
52928,UDP,757,757
62539,UDP,80,80
52928,UDP,331,331
52928,UDP,331,331
62539,UDP,80,80
52928,UDP,331,331
52928,UDP,768,768
62539,UDP,80,80
52928,UDP,331,331
62539,UDP,80,80
52928,UDP,331,331
52928,UDP,331,331
52928,UDP,128,128
62539,UDP,80,80
52928,UDP,331,331
52928,UDP,777,777
62539,UDP,80,80
52928,UDP,331,331
52928,UDP,331,331
52928,UDP,331,331
62539,UDP,80,80
52928,UDP,331,331
52928,UDP,793,793
62539,UDP,84,84
52928,UDP,331,331
52928,UDP,331,331
62539,UDP,80,80
5228,TCP,55,55
52928,UDP,331,331
52928,UDP,761,761
53769,TCP,66,66
62539,UDP,80,80
52928,UDP,331,331
62539,UDP,80,80
52928,UDP,331,331
52928,UDP,795,795
62539,UDP,80,80
52928,UDP,331,331
62539,UDP,80,80
62539,UDP,112,112
52928,UDP,331,331
62539,UDP,80,80
52928,UDP,331,331
52928,UDP,779,779
62539,UDP,80,80
52928,UDP,331,331
52928,UDP,331,331
52928,UDP,331,331
62539,UDP,84,84
52928,UDP,331,331
52928,UDP,789,789
62539,UDP,80,80
52928,UDP,331,331
62539,UDP,80,80
52928,UDP,331,331
52928,UDP,331,331
62539,UDP,80,80
52928,UDP,331,331
52928,UDP,128,128
52928,UDP,813,813
62539,UDP,80,80
52928,UDP,331,331
62539,UDP,80,80
52928,UDP,331,331
62539,UDP,80,80
52928,UDP,331,331
52928,UDP,792,792
62539,UDP,80,80
52928,UDP,331,331
62539,UDP,112,112
62539,UDP,80,80
52928,UDP,331,331
52928,UDP,331,331
62539,UDP,80,80
52928,UDP,331,331
52928,UDP,853,853
62539,UDP,80,80
52928,UDP,331,331
52928,UDP,331,331
52928,UDP,331,331
62539,UDP,84,84
52928,UDP,793,793
62539,UDP,80,80
52928,UDP,331,331
62539,UDP,80,80
52928,UDP,331,331
52928,UDP,331,331
52928,UDP,128,128
52928,UDP,809,809
62539,UDP,80,80
62539,UDP,80,80
52928,UDP,331,331
52928,UDP,331,331
62539,UDP,80,80
52928,UDP,331,331
52928,UDP,790,790
62539,UDP,80,80
52928,UDP,331,331
62539,UDP,80,80
52928,UDP,331,331
52928,UDP,331,331
52928,UDP,810,810
62539,UDP,80,80
62539,UDP,112,112
52928,UDP,331,331
62539,UDP,80,80
52928,UDP,331,331
52928,UDP,331,331
52928,UDP,331,331
62539,UDP,84,84
52928,UDP,331,331
52928,UDP,807,807
52928,UDP,331,331
52928,UDP,1183,1183
52928,UDP,1183,1183
52928,UDP,1183,1183
52928,UDP,1183,1183
62539,UDP,88,88
52928,UDP,768,768
62539,UDP,80,80
443,TCP,55,55
52928,UDP,785,785
49502,TCP,66,66
62539,UDP,80,80
52928,UDP,803,803
52928,UDP,128,128
62539,UDP,80,80
52928,UDP,751,751
62539,UDP,80,80
52928,UDP,763,763
62539,UDP,80,80
62539,UDP,112,112
52928,UDP,449,449
62539,UDP,80,80
52928,UDP,331,331
52928,UDP,331,331
62539,UDP,80,80
52928,UDP,777,777
62539,UDP,80,80
52928,UDP,331,331
52928,UDP,331,331
52928,UDP,759,759
62539,UDP,84,84
52928,UDP,331,331
52928,UDP,331,331
52928,UDP,331,331
62539,UDP,84,84
52928,UDP,801,801
62539,UDP,80,80
52928,UDP,331,331
52928,UDP,331,331
62539,UDP,80,80
52928,UDP,331,331
52928,UDP,331,331
52928,UDP,745,745
62539,UDP,80,80
62539,UDP,112,112
62539,UDP,80,80
52928,UDP,331,331
62539,UDP,80,80
52928,UDP,331,331
52928,UDP,331,331
52928,UDP,814,814
62539,UDP,84,84
52928,UDP,331,331
52928,UDP,331,331
62539,UDP,80,80
52928,UDP,331,331
52928,UDP,753,753
62539,UDP,80,80
52928,UDP,331,331
52928,UDP,128,128
52928,UDP,331,331
52928,UDP,331,331
62539,UDP,80,80
52928,UDP,793,793
62539,UDP,80,80
52928,UDP,331,331
62539,UDP,80,80
52928,UDP,331,331
52928,UDP,331,331
62539,UDP,80,80
52928,UDP,331,331
52928,UDP,778,778
62539,UDP,80,80
52928,UDP,331,331
62539,UDP,80,80
52928,UDP,331,331
52928,UDP,331,331
62539,UDP,80,80
52928,UDP,820,820
62539,UDP,80,80
52928,UDP,331,331
52928,UDP,331,331
52928,UDP,807,807
62539,UDP,80,80
62539,UDP,80,80
52928,UDP,331,331
62539,UDP,80,80
52928,UDP,331,331
52928,UDP,331,331
62539,UDP,80,80
52928,UDP,810,810
62539,UDP,80,80
52928,UDP,331,331
52928,UDP,331,331
62539,UDP,80,80
52928,UDP,331,331
62539,UDP,80,80
52928,UDP,331,331
52928,UDP,331,331
52928,UDP,767,767
62539,UDP,84,84
52928,UDP,128,128
52928,UDP,331,331
52928,UDP,331,331
62539,UDP,80,80
52928,UDP,331,331
52928,UDP,813,813
62539,UDP,80,80
52928,UDP,331,331
62539,UDP,112,112
52928,UDP,331,331
52928,UDP,331,331
62539,UDP,84,84
52928,UDP,331,331
52928,UDP,781,781
57621,UDP,82,82
62539,UDP,80,80
52928,UDP,331,331
52928,UDP,331,331
62539,UDP,80,80
52928,UDP,331,331
52928,UDP,825,825
62539,UDP,80,80
52928,UDP,331,331
62539,UDP,80,80
52928,UDP,331,331
52928,UDP,331,331
62539,UDP,80,80
52928,UDP,331,331
52928,UDP,750,750
62539,UDP,80,80
52928,UDP,331,331
62539,UDP,80,80
52928,UDP,331,331
52928,UDP,331,331
443,TCP,1466,1466
62539,UDP,80,80
52928,UDP,791,791
53782,TCP,56,56
443,TCP,54,54
52928,UDP,331,331
62539,UDP,80,80
52928,UDP,331,331
52928,UDP,331,331
52928,UDP,763,763
62539,UDP,84,84
443,TCP,54,54
53782,TCP,56,56
443,TCP,1466,1466
53785,TCP,56,56
53785,TCP,56,56
53785,TCP,56,56
53785,TCP,56,56
52928,UDP,331,331
443,TCP,54,54
52928,UDP,331,331
62539,UDP,80,80
52928,UDP,331,331
52928,UDP,756,756
62539,UDP,80,80
443,TCP,54,54
53785,TCP,56,56
52928,UDP,331,331
52928,UDP,331,331
52928,UDP,331,331
62539,UDP,84,84
52928,UDP,722,722
62539,UDP,80,80
52928,UDP,331,331
52928,UDP,331,331
62539,UDP,80,80
52928,UDP,331,331
52928,UDP,775,775
62539,UDP,80,80
52928,UDP,331,331
52928,UDP,331,331
52928,UDP,750,750
62539,UDP,80,80
62539,UDP,112,112
62539,UDP,80,80
52928,UDP,331,331
52928,UDP,331,331
62539,UDP,80,80
52928,UDP,331,331
52928,UDP,128,128
52928,UDP,781,781
62539,UDP,80,80
52928,UDP,331,331
62539,UDP,80,80
52928,UDP,331,331
52928,UDP,331,331
52928,UDP,739,739
62539,UDP,84,84
52928,UDP,331,331
52928,UDP,331,331
62539,UDP,80,80
52928,UDP,331,331
52928,UDP,785,785
62539,UDP,80,80
52928,UDP,331,331
52928,UDP,331,331
52928,UDP,331,331
52928,UDP,331,331
52928,UDP,747,747
62539,UDP,80,80
62539,UDP,84,84
52928,UDP,331,331
52928,UDP,331,331
62539,UDP,80,80
52928,UDP,331,331
52928,UDP,772,772
62539,UDP,80,80
52928,UDP,331,331
52928,UDP,331,331
52928,UDP,331,331
62539,UDP,80,80
52928,UDP,331,331
52928,UDP,770,770
62539,UDP,84,84
49726,TCP,56,56
52928,UDP,331,331
52928,UDP,331,331
52928,UDP,331,331
62539,UDP,80,80
52928,UDP,800,800
62539,UDP,80,80
52928,UDP,331,331
62539,UDP,80,80
52928,UDP,331,331
52928,UDP,331,331
62539,UDP,80,80
52928,UDP,331,331
443,TCP,55,55
54237,TCP,56,56
52928,UDP,802,802
62539,UDP,80,80
52928,UDP,331,331
52928,UDP,331,331
52928,UDP,331,331
62539,UDP,84,84
52928,UDP,331,331
52928,UDP,789,789
52928,UDP,331,331
52928,UDP,1183,1183
52928,UDP,1183,1183
62539,UDP,112,112
62539,UDP,84,84
52928,UDP,128,128
52928,UDP,765,765
62539,UDP,80,80
52928,UDP,791,791
62539,UDP,80,80
52928,UDP,769,769
62539,UDP,80,80
52928,UDP,331,331
62539,UDP,80,80
52928,UDP,804,804
62539,UDP,80,80
52928,UDP,331,331
62539,UDP,80,80
52928,UDP,331,331
52928,UDP,729,729
62539,UDP,80,80
52928,UDP,331,331
62539,UDP,80,80
52928,UDP,331,331
52928,UDP,331,331
52928,UDP,794,794
62539,UDP,84,84
52928,UDP,331,331
52928,UDP,331,331
62539,UDP,80,80
52928,UDP,331,331
52928,UDP,766,766
62539,UDP,84,84
62539,UDP,112,112
52928,UDP,331,331
52928,UDP,331,331
52928,UDP,758,758
62539,UDP,84,84
52928,UDP,331,331
52928,UDP,331,331
62539,UDP,80,80
52928,UDP,331,331
52928,UDP,437,437
62539,UDP,80,80
52928,UDP,331,331
54245,TCP,56,56
80,TCP,54,54
80,TCP,54,54
52928,UDP,331,331
54245,TCP,56,56
62539,UDP,80,80
52928,UDP,331,331
52928,UDP,331,331
62539,UDP,80,80
52928,UDP,331,331
52928,UDP,737,737
62539,UDP,80,80
52928,UDP,331,331
52928,UDP,331,331
52928,UDP,331,331
52928,UDP,331,331
52928,UDP,746,746
62539,UDP,84,84
52928,UDP,331,331
52928,UDP,331,331
52928,UDP,128,128
52928,UDP,331,331
62539,UDP,80,80
52928,UDP,772,772
62539,UDP,80,80
52928,UDP,331,331
62539,UDP,80,80
52928,UDP,331,331
52928,UDP,768,768
62539,UDP,112,112
62539,UDP,80,80
52928,UDP,331,331
62539,UDP,80,80
52928,UDP,331,331
52928,UDP,331,331
62539,UDP,80,80
52928,UDP,753,753
62539,UDP,80,80
52928,UDP,331,331
52928,UDP,331,331
62539,UDP,80,80
52928,UDP,331,331
52928,UDP,331,331
52928,UDP,771,771
62539,UDP,84,84
52928,UDP,331,331
62539,UDP,80,80
52928,UDP,331,331
52928,UDP,331,331
52928,UDP,768,768
62539,UDP,84,84
52928,UDP,331,331
52928,UDP,331,331
62539,UDP,80,80
52928,UDP,331,331
52928,UDP,331,331
52928,UDP,761,761
62539,UDP,84,84
52928,UDP,331,331
52928,UDP,128,128
52928,UDP,331,331
62539,UDP,80,80
52928,UDP,331,331
52928,UDP,791,791
62539,UDP,80,80
52928,UDP,331,331
52928,UDP,331,331
52928,UDP,331,331
62539,UDP,112,112
52928,UDP,787,787
62539,UDP,84,84
52928,UDP,331,331
62539,UDP,80,80
52928,UDP,331,331
52928,UDP,331,331
62539,UDP,80,80
52928,UDP,827,827
62539,UDP,80,80
52928,UDP,331,331
52928,UDP,331,331
62539,UDP,80,80
52928,UDP,331,331
52928,UDP,772,772
62539,UDP,80,80
52928,UDP,128,128
52928,UDP,331,331
52928,UDP,331,331
62539,UDP,80,80
52928,UDP,331,331
52928,UDP,784,784
62539,UDP,80,80
52928,UDP,331,331
62539,UDP,80,80
52928,UDP,331,331
52928,UDP,331,331
62539,UDP,80,80
52928,UDP,779,779
62539,UDP,80,80
52928,UDP,331,331
52928,UDP,331,331
62539,UDP,80,80
52928,UDP,331,331
52928,UDP,792,792
62539,UDP,80,80
52928,UDP,331,331
52928,UDP,331,331
62539,UDP,80,80
52928,UDP,331,331
52928,UDP,795,795
62539,UDP,80,80
52928,UDP,331,331
52928,UDP,331,331
52928,UDP,738,738
62539,UDP,84,84
52928,UDP,331,331
52928,UDP,331,331
52928,UDP,331,331
52928,UDP,331,331
52928,UDP,781,781
62539,UDP,80,80
52928,UDP,331,331
62539,UDP,84,84
52928,UDP,331,331
52928,UDP,331,331
62539,UDP,80,80
52928,UDP,777,777
62539,UDP,80,80
52928,UDP,331,331
52928,UDP,331,331
52928,UDP,128,128
52928,UDP,331,331
62539,UDP,84,84
52928,UDP,331,331
52928,UDP,331,331
52928,UDP,740,740
62539,UDP,84,84
62539,UDP,112,112
52928,UDP,331,331
52928,UDP,331,331
62539,UDP,80,80
52928,UDP,331,331
52928,UDP,331,331
62539,UDP,84,84
52928,UDP,331,331
52928,UDP,743,743
62539,UDP,80,80
65167,TCP,56,56
52928,UDP,331,331
62539,UDP,80,80
52928,UDP,331,331
52928,UDP,747,747
62539,UDP,80,80
443,TCP,54,54
52928,UDP,331,331
52928,UDP,331,331
52928,UDP,331,331
62539,UDP,80,80
52928,UDP,331,331
52928,UDP,768,768
62539,UDP,84,84
443,TCP,54,54
52928,UDP,331,331
52928,UDP,331,331
62539,UDP,80,80
52928,UDP,331,331
52928,UDP,764,764
62539,UDP,80,80
52928,UDP,331,331
62539,UDP,80,80
52928,UDP,331,331
52928,UDP,753,753
62539,UDP,80,80
52928,UDP,331,331
62539,UDP,80,80
52928,UDP,331,331
52928,UDP,331,331
62539,UDP,80,80
52928,UDP,771,771
62539,UDP,80,80
62539,UDP,112,112
52928,UDP,331,331
52928,UDP,331,331
62539,UDP,80,80
52928,UDP,331,331
52928,UDP,766,766
62539,UDP,80,80
53,TCP,66,66
53,TCP,66,66
54246,TCP,66,66
53,TCP,54,54
54247,TCP,66,66
53,TCP,56,56
53,TCP,54,54
53,TCP,56,56
54246,TCP,60,60
54246,TCP,60,60
54247,TCP,60,60
53,TCP,54,54
54247,TCP,60,60
53,TCP,54,54
443,TCP,66,66
54247,TCP,60,60
53,TCP,54,54
54246,TCP,60,60
53,TCP,54,54
54248,TCP,66,66
443,TCP,54,54
54248,TCP,56,56
54248,TCP,1466,1466
443,TCP,54,54
54248,TCP,1466,1466
443,TCP,54,54
54248,TCP,56,56
52928,UDP,331,331
52928,UDP,331,331
62539,UDP,80,80
52928,UDP,331,331
52928,UDP,331,331
52928,UDP,755,755
52928,UDP,331,331
62539,UDP,84,84
52928,UDP,331,331
52928,UDP,789,789
62539,UDP,80,80
62539,UDP,80,80
52928,UDP,128,128
52928,UDP,331,331
52928,UDP,331,331
62539,UDP,80,80
52928,UDP,331,331
52928,UDP,331,331
52928,UDP,786,786
62539,UDP,84,84
62539,UDP,112,112
52928,UDP,331,331
62539,UDP,80,80
52928,UDP,331,331
52928,UDP,331,331
62539,UDP,80,80
52928,UDP,331,331
52928,UDP,818,818
62539,UDP,80,80
52928,UDP,331,331
62539,UDP,80,80
52928,UDP,331,331
52928,UDP,769,769
62539,UDP,80,80
52928,UDP,331,331
52928,UDP,331,331
52928,UDP,331,331
62539,UDP,80,80
52928,UDP,785,785
62539,UDP,80,80
52928,UDP,331,331
62539,UDP,80,80
52928,UDP,331,331
52928,UDP,331,331
62539,UDP,80,80
52928,UDP,331,331
52928,UDP,779,779
62539,UDP,80,80
52928,UDP,331,331
62539,UDP,112,112
443,TCP,54,54
52928,UDP,331,331
52928,UDP,331,331
62539,UDP,84,84
52928,UDP,790,790
62539,UDP,80,80
52928,UDP,331,331
62539,UDP,80,80
52928,UDP,331,331
52928,UDP,331,331
52928,UDP,331,331
62539,UDP,80,80
52928,UDP,786,786
62539,UDP,80,80
52928,UDP,331,331
62539,UDP,80,80
52928,UDP,331,331
52928,UDP,331,331
62539,UDP,80,80
52928,UDP,331,331
52928,UDP,737,737
62539,UDP,80,80
52928,UDP,331,331
62539,UDP,80,80
52928,UDP,331,331
52928,UDP,331,331
62539,UDP,80,80
52928,UDP,128,128
52928,UDP,786,786
62539,UDP,80,80
52928,UDP,331,331
52928,UDP,331,331
62539,UDP,80,80
52928,UDP,331,331
62539,UDP,80,80
52928,UDP,331,331
52928,UDP,781,781
62539,UDP,80,80
52928,UDP,331,331
62539,UDP,80,80
52928,UDP,331,331
52928,UDP,331,331
52928,UDP,331,331
52928,UDP,439,439
62539,UDP,84,84
52928,UDP,331,331
52928,UDP,331,331
62539,UDP,80,80
52928,UDP,331,331
52928,UDP,331,331
62539,UDP,84,84
52928,UDP,752,752
62539,UDP,80,80
52928,UDP,331,331
62539,UDP,80,80
52928,UDP,331,331
52928,UDP,331,331
52928,UDP,723,723
62539,UDP,84,84
52928,UDP,331,331
52928,UDP,331,331
52928,UDP,331,331
62539,UDP,84,84
52928,UDP,768,768
62539,UDP,80,80
52928,UDP,331,331
62539,UDP,80,80
52928,UDP,331,331
52928,UDP,331,331
52928,UDP,753,753
62539,UDP,84,84
62539,UDP,112,112
52928,UDP,331,331
52928,UDP,331,331
62539,UDP,80,80
52928,UDP,331,331
52928,UDP,331,331
62539,UDP,80,80
52928,UDP,782,782
62539,UDP,80,80
52928,UDP,331,331
52928,UDP,331,331
62539,UDP,80,80
52928,UDP,331,331
52928,UDP,128,128
52928,UDP,741,741
62539,UDP,80,80
52928,UDP,331,331
52928,UDP,331,331
62539,UDP,80,80
52928,UDP,331,331
52928,UDP,789,789
62539,UDP,80,80
52928,UDP,331,331
52928,UDP,331,331
52928,UDP,331,331
52928,UDP,750,750
62539,UDP,80,80
62539,UDP,80,80
52928,UDP,331,331
62539,UDP,80,80
52928,UDP,331,331
52928,UDP,331,331
52928,UDP,770,770
62539,UDP,84,84
52928,UDP,331,331
52928,UDP,331,331
62539,UDP,80,80
52928,UDP,331,331
52928,UDP,331,331
52928,UDP,773,773
62539,UDP,84,84
52928,UDP,331,331
52928,UDP,331,331
62539,UDP,80,80
52928,UDP,331,331
52928,UDP,803,803
62539,UDP,80,80
62539,UDP,112,112
52928,UDP,331,331
52928,UDP,331,331
52928,UDP,331,331
52928,UDP,798,798
62539,UDP,84,84
62539,UDP,80,80
52928,UDP,331,331
62539,UDP,80,80
52928,UDP,331,331
52928,UDP,331,331
52928,UDP,784,784
62539,UDP,84,84
52928,UDP,128,128
52928,UDP,331,331
52928,UDP,331,331
62539,UDP,80,80
52928,UDP,764,764
62539,UDP,80,80
52928,UDP,331,331
62539,UDP,80,80
52928,UDP,331,331
52928,UDP,796,796
62539,UDP,80,80
52928,UDP,331,331
52928,UDP,331,331
52928,UDP,331,331
52928,UDP,770,770
62539,UDP,112,112
62539,UDP,84,84
52928,UDP,331,331
52928,UDP,331,331
52928,UDP,809,809
62539,UDP,84,84
52928,UDP,331,331
52928,UDP,331,331
62539,UDP,80,80
52928,UDP,331,331
52928,UDP,331,331
62539,UDP,80,80
52928,UDP,718,718
62539,UDP,80,80
52928,UDP,331,331
52928,UDP,331,331
52928,UDP,331,331
52928,UDP,802,802
62539,UDP,84,84
52928,UDP,128,128
52928,UDP,331,331
52928,UDP,331,331
62539,UDP,80,80
52928,UDP,331,331
52928,UDP,760,760
62539,UDP,80,80
9876,UDP,87,87
52928,UDP,331,331
52928,UDP,331,331
52928,UDP,331,331
62539,UDP,84,84
52928,UDP,753,753
62539,UDP,80,80
52928,UDP,331,331
62539,UDP,80,80
52928,UDP,331,331
52928,UDP,331,331
52928,UDP,721,721
62539,UDP,84,84
52928,UDP,331,331
52928,UDP,331,331
62539,UDP,80,80
52928,UDP,331,331
52928,UDP,331,331
52928,UDP,766,766
62539,UDP,112,112
62539,UDP,84,84
52928,UDP,331,331
52928,UDP,331,331
62539,UDP,80,80
52928,UDP,331,331
52928,UDP,331,331
52928,UDP,331,331
52928,UDP,754,754
52928,UDP,331,331
62539,UDP,84,84
52928,UDP,1183,1183
52928,UDP,1183,1183
52928,UDP,1183,1183
52928,UDP,1183,1183
52928,UDP,1183,1183
52928,UDP,1183,1183
62539,UDP,88,88
52928,UDP,790,790
62539,UDP,80,80
52928,UDP,746,746
62539,UDP,80,80
62539,UDP,112,112
52928,UDP,787,787
62539,UDP,80,80
52928,UDP,755,755
62539,UDP,80,80
52928,UDP,128,128
52928,UDP,773,773
62539,UDP,80,80
52928,UDP,331,331
52928,UDP,783,783
62539,UDP,80,80
52928,UDP,331,331
52928,UDP,331,331
52928,UDP,331,331
62539,UDP,84,84
52928,UDP,331,331
52928,UDP,802,802
62539,UDP,80,80
52928,UDP,331,331
52928,UDP,331,331
62539,UDP,80,80
52928,UDP,331,331
52928,UDP,801,801
52928,UDP,331,331
62539,UDP,80,80
52928,UDP,331,331
52928,UDP,331,331
62539,UDP,84,84
52928,UDP,785,785
62539,UDP,80,80
52928,UDP,331,331
62539,UDP,80,80
52928,UDP,331,331
52928,UDP,331,331
52928,UDP,770,770
62539,UDP,80,80
62539,UDP,80,80
52928,UDP,331,331
52928,UDP,331,331
62539,UDP,80,80
52928,UDP,331,331
52928,UDP,331,331
52928,UDP,797,797
62539,UDP,84,84
62539,UDP,112,112
52928,UDP,128,128
443,TCP,55,55
52928,UDP,331,331
62539,UDP,80,80
52928,UDP,331,331
54244,TCP,66,66
52928,UDP,331,331
52928,UDP,772,772
62539,UDP,84,84
52928,UDP,331,331
62539,UDP,80,80
52928,UDP,331,331
52928,UDP,331,331
52928,UDP,804,804
62539,UDP,80,80
62539,UDP,80,80
52928,UDP,331,331
62539,UDP,80,80
52928,UDP,331,331
52928,UDP,331,331
52928,UDP,719,719
62539,UDP,84,84
52928,UDP,331,331
52928,UDP,331,331
62539,UDP,80,80
52928,UDP,800,800
62539,UDP,80,80
52928,UDP,331,331
52928,UDP,331,331
62539,UDP,80,80
52928,UDP,331,331
52928,UDP,331,331
52928,UDP,438,438
62539,UDP,80,80
52928,UDP,331,331
52928,UDP,331,331
52928,UDP,331,331
52928,UDP,331,331
62539,UDP,80,80
52928,UDP,775,775
62539,UDP,84,84
52928,UDP,128,128
52928,UDP,331,331
52928,UDP,331,331
52928,UDP,331,331
62539,UDP,80,80
52928,UDP,741,741
62539,UDP,112,112
62539,UDP,80,80
52928,UDP,331,331
62539,UDP,80,80
52928,UDP,331,331
52928,UDP,743,743
62539,UDP,80,80
52928,UDP,331,331
62539,UDP,80,80
52928,UDP,331,331
52928,UDP,331,331
62539,UDP,80,80
52928,UDP,331,331
52928,UDP,752,752
62539,UDP,84,84
52928,UDP,331,331
52928,UDP,331,331
52928,UDP,331,331
62539,UDP,80,80
52928,UDP,772,772
62539,UDP,80,80
52928,UDP,331,331
62539,UDP,80,80
52928,UDP,331,331
52928,UDP,331,331
62539,UDP,80,80
52928,UDP,331,331
52928,UDP,765,765
62539,UDP,80,80
52928,UDP,331,331
52928,UDP,331,331
52928,UDP,331,331
62539,UDP,84,84
52928,UDP,769,769
62539,UDP,80,80
52928,UDP,331,331
62539,UDP,80,80
52928,UDP,331,331
52928,UDP,331,331
52928,UDP,769,769
62539,UDP,84,84
52928,UDP,331,331
52928,UDP,331,331
62539,UDP,80,80
52928,UDP,331,331
52928,UDP,761,761
62539,UDP,112,112
62539,UDP,80,80
52928,UDP,331,331
62539,UDP,80,80
52928,UDP,331,331
52928,UDP,331,331
52928,UDP,758,758
62539,UDP,84,84
52928,UDP,331,331
52928,UDP,331,331
62539,UDP,80,80
52928,UDP,790,790
52928,UDP,128,128
62539,UDP,80,80
52928,UDP,331,331
52928,UDP,331,331
62539,UDP,80,80
52928,UDP,331,331
52928,UDP,331,331
52928,UDP,788,788
62539,UDP,80,80
62539,UDP,80,80
52928,UDP,331,331
62539,UDP,80,80
52928,UDP,331,331
52928,UDP,814,814
62539,UDP,80,80
52928,UDP,331,331
52928,UDP,331,331
52928,UDP,331,331
54113,TCP,56,56
62539,UDP,84,84
52928,UDP,768,768
62539,UDP,80,80
52928,UDP,331,331
62539,UDP,80,80
52928,UDP,331,331
52928,UDP,331,331
443,TCP,54,54
52928,UDP,331,331
62539,UDP,80,80
52928,UDP,331,331
52928,UDP,785,785
62539,UDP,84,84
52928,UDP,331,331
52928,UDP,331,331
62539,UDP,80,80
52928,UDP,331,331
52928,UDP,784,784
65197,TCP,56,56
62539,UDP,80,80
52928,UDP,331,331
52928,UDP,331,331
62539,UDP,112,112
52928,UDP,331,331
62539,UDP,84,84
52928,UDP,331,331
52928,UDP,789,789
62539,UDP,80,80
52928,UDP,331,331
52928,UDP,331,331
62539,UDP,80,80
52928,UDP,331,331
52928,UDP,331,331
52928,UDP,787,787
62539,UDP,84,84
52928,UDP,331,331
52928,UDP,331,331
52928,UDP,736,736
62539,UDP,80,80
62539,UDP,80,80
54248,TCP,56,56
443,TCP,54,54
52928,UDP,331,331
62539,UDP,80,80
52928,UDP,331,331
52928,UDP,331,331
52928,UDP,331,331
52928,UDP,783,783
52928,UDP,331,331
62539,UDP,84,84
52928,UDP,128,128
52928,UDP,331,331
52928,UDP,774,774
62539,UDP,80,80
52928,UDP,331,331
62539,UDP,80,80
52928,UDP,331,331
52928,UDP,331,331
62539,UDP,80,80
52928,UDP,331,331
52928,UDP,736,736
62539,UDP,80,80
52928,UDP,331,331
52928,UDP,331,331
52928,UDP,331,331
62539,UDP,84,84
52928,UDP,331,331
52928,UDP,741,741
62539,UDP,80,80
52928,UDP,331,331
52928,UDP,331,331
52928,UDP,331,331
62539,UDP,80,80
52928,UDP,331,331
52928,UDP,331,331
62539,UDP,80,80
52928,UDP,747,747
62539,UDP,80,80
52928,UDP,331,331
62539,UDP,80,80
52928,UDP,331,331
52928,UDP,331,331
52928,UDP,772,772
62539,UDP,84,84
62539,UDP,112,112
52928,UDP,331,331
52928,UDP,331,331
62539,UDP,80,80
52928,UDP,765,765
62539,UDP,80,80
52928,UDP,331,331
52928,UDP,331,331
62539,UDP,80,80
52928,UDP,331,331
52928,UDP,765,765
62539,UDP,80,80
52928,UDP,331,331
52928,UDP,331,331
52928,UDP,128,128
52928,UDP,769,769
62539,UDP,80,80
62539,UDP,80,80
52928,UDP,331,331
62539,UDP,80,80
52928,UDP,331,331
52928,UDP,331,331
52928,UDP,331,331
62539,UDP,84,84
52928,UDP,331,331
52928,UDP,763,763
62539,UDP,80,80
52928,UDP,331,331
52928,UDP,331,331
443,TCP,66,66
52928,UDP,331,331
62539,UDP,84,84
52928,UDP,331,331
52928,UDP,331,331
62539,UDP,80,80
52928,UDP,331,331
52928,UDP,759,759
54249,TCP,66,66
443,TCP,54,54
52928,UDP,331,331
62539,UDP,80,80
52928,UDP,331,331
52928,UDP,331,331
62539,UDP,84,84
52928,UDP,791,791
62539,UDP,80,80
52928,UDP,331,331
62539,UDP,80,80
52928,UDP,331,331
52928,UDP,787,787
62539,UDP,80,80
52928,UDP,331,331
54249,TCP,56,56
62539,UDP,80,80
52928,UDP,331,331
52928,UDP,331,331
62539,UDP,80,80
54249,TCP,1514,1514
54249,TCP,1514,1514
54249,TCP,546,546
443,TCP,66,66
443,TCP,66,66
52928,UDP,331,331
52928,UDP,812,812
62539,UDP,80,80
52928,UDP,331,331
62539,UDP,80,80
52928,UDP,331,331
62539,UDP,80,80
52928,UDP,331,331
52928,UDP,331,331
52928,UDP,769,769
62539,UDP,84,84
62539,UDP,112,112
52928,UDP,331,331
52928,UDP,331,331
54249,TCP,1514,1514
443,TCP,54,54
443,TCP,1494,1494
443,TCP,1494,1494
62539,UDP,80,80
52928,UDP,331,331
52928,UDP,783,783
62539,UDP,80,80
52928,UDP,128,128
54249,TCP,56,56
54249,TCP,56,56
52928,UDP,331,331
52928,UDP,331,331
52928,UDP,331,331
62539,UDP,80,80
52928,UDP,784,784
443,TCP,54,54
62539,UDP,80,80
52928,UDP,331,331
62539,UDP,80,80
52928,UDP,331,331
52928,UDP,331,331
52928,UDP,331,331
62539,UDP,84,84
52928,UDP,789,789
62539,UDP,80,80
443,TCP,54,54
52928,UDP,331,331
54249,TCP,56,56
62539,UDP,80,80
52928,UDP,331,331
52928,UDP,331,331
52928,UDP,787,787
52928,UDP,331,331
62539,UDP,80,80
52928,UDP,331,331
62539,UDP,84,84
52928,UDP,331,331
52928,UDP,736,736
62539,UDP,80,80
52928,UDP,331,331
62539,UDP,80,80
52928,UDP,331,331
52928,UDP,331,331
52928,UDP,432,432
62539,UDP,80,80
62539,UDP,80,80
52928,UDP,331,331
52928,UDP,331,331
52928,UDP,128,128
62539,UDP,80,80
52928,UDP,331,331
52928,UDP,805,805
62539,UDP,80,80
52928,UDP,331,331
62539,UDP,80,80
52928,UDP,331,331
52928,UDP,757,757
62539,UDP,112,112
62539,UDP,80,80
52928,UDP,331,331
52928,UDP,331,331
62539,UDP,80,80
52928,UDP,331,331
52928,UDP,763,763
62539,UDP,80,80
52928,UDP,331,331
62539,UDP,80,80
52928,UDP,331,331
52928,UDP,331,331
52928,UDP,729,729
62539,UDP,84,84
52928,UDP,331,331
52928,UDP,331,331
62539,UDP,80,80
52928,UDP,331,331
52928,UDP,331,331
52928,UDP,763,763
62539,UDP,84,84
52928,UDP,331,331
52928,UDP,331,331
62539,UDP,80,80
52928,UDP,331,331
52928,UDP,755,755
62539,UDP,80,80
52928,UDP,331,331
52928,UDP,331,331
52928,UDP,331,331
52928,UDP,128,128
52928,UDP,780,780
6443,TCP,55,55
53739,TCP,66,66
62539,UDP,84,84
52928,UDP,331,331
62539,UDP,80,80
52928,UDP,331,331
52928,UDP,331,331
62539,UDP,80,80
52928,UDP,331,331
52928,UDP,745,745
62539,UDP,112,112
62539,UDP,80,80
52928,UDP,331,331
62539,UDP,80,80
52928,UDP,331,331
52928,UDP,331,331
52928,UDP,782,782
62539,UDP,84,84
52928,UDP,331,331
62539,UDP,80,80
52928,UDP,331,331
52928,UDP,331,331
52928,UDP,746,746
62539,UDP,84,84
52928,UDP,331,331
62539,UDP,80,80
52928,UDP,331,331
62539,UDP,80,80
52928,UDP,331,331
52928,UDP,773,773
443,TCP,54,54
62539,UDP,80,80
52928,UDP,331,331
62539,UDP,80,80
52928,UDP,331,331
52928,UDP,331,331
52928,UDP,775,775
62539,UDP,80,80
62539,UDP,80,80
52928,UDP,331,331
52928,UDP,331,331
62539,UDP,80,80
52928,UDP,331,331
52928,UDP,128,128
52928,UDP,331,331
52928,UDP,801,801
62539,UDP,84,84
49726,TCP,56,56
52928,UDP,331,331
62539,UDP,80,80
52928,UDP,331,331
52928,UDP,331,331
52928,UDP,793,793
62539,UDP,84,84
52928,UDP,331,331
52928,UDP,331,331
62539,UDP,80,80
52928,UDP,331,331
52928,UDP,781,781
62539,UDP,80,80
52928,UDP,331,331
62539,UDP,80,80
52928,UDP,331,331
62539,UDP,80,80
52928,UDP,331,331
52928,UDP,331,331
52928,UDP,767,767
52928,UDP,331,331
52928,UDP,1183,1183
52928,UDP,1183,1183
62539,UDP,84,84
52928,UDP,797,797
62539,UDP,80,80
62539,UDP,112,112
52928,UDP,780,780
62539,UDP,80,80
52928,UDP,128,128
52928,UDP,331,331
62539,UDP,80,80
52928,UDP,802,802
62539,UDP,80,80
52928,UDP,331,331
52928,UDP,331,331
62539,UDP,80,80
62539,UDP,80,80
52928,UDP,331,331
52928,UDP,716,716
